Date,dzielnica,temperature,humidity,pressure
2018-06-01,I,28.41,85.72,100092.79
2018-06-01,II,22.15,87.22,101223.32
2018-06-01,III,18.36,56.65,101057.63
2018-06-01,IV,18.78,46.59,100576.48
2018-06-01,IX,26.69,82.95,100062.67
2018-06-01,V,30.57,59.52,101049.62
2018-06-01,VI,28.94,71.8,101539.26
2018-06-01,VII,14.22,90.41,101542.43
2018-06-01,VIII,15.32,62.7,100856.65
2018-06-01,X,22.78,48.35,100229.71
2018-06-01,XI,14.06,84.13,101147.18
2018-06-01,XII,29.32,40.03,101727.48
2018-06-01,XIII,28.69,74.67,101760.38
2018-06-01,XIV,34.9,50.22,100670.94
2018-06-01,XV,21.51,62.15,100453.15
2018-06-01,XVII,27.26,79.32,100375.31
2018-06-01,XVIII,27.33,63.15,100381.23
2018-06-02,I,21,40.32,100373.25
2018-06-02,II,32.06,47.9,100241.67
2018-06-02,III,29.7,60.05,101458.36
2018-06-02,IV,30.25,73.09,100676.25
2018-06-02,IX,27.7,64.08,101079.85
2018-06-02,V,22.47,51.57,100330.38
2018-06-02,VI,29.14,47.92,100385.93
2018-06-02,VII,18.62,86.21,101578.18
2018-06-02,VIII,27.79,60.59,101828.41
2018-06-02,X,23.17,39.35,101339.39
2018-06-02,XI,34.72,79.82,100057.66
2018-06-02,XII,32.28,51.85,101346.13
2018-06-02,XIII,22.04,97.8,101431.6
2018-06-02,XIV,25.17,75.68,100707.07
2018-06-02,XV,29.94,52.09,100010.64
2018-06-02,XVII,26.21,80.84,101959.54
2018-06-02,XVIII,31.28,89.4,101908.82
2018-06-03,I,31.36,72.72,100279.45
2018-06-03,II,34.04,49.34,101773.28
2018-06-03,III,20.42,61.93,100270.52
2018-06-03,IV,15.02,53.81,101763.7
2018-06-03,IX,32.55,47.18,100784.01
2018-06-03,V,32.58,48.42,101826.59
2018-06-03,VI,20.32,80.47,101357.65
2018-06-03,VII,26.83,42.09,101887.26
2018-06-03,VIII,25.07,41.08,101744.07
2018-06-03,X,14.87,45.86,101107.86
2018-06-03,XI,23.75,53.12,100754.59
2018-06-03,XII,17.16,67.34,101080.19
2018-06-03,XIII,22.93,89.21,101504.96
2018-06-03,XIV,18.85,42.55,101179.2
2018-06-03,XV,18.27,76.84,101976.15
2018-06-03,XVII,20.78,73.7,100346.56
2018-06-03,XVIII,27.84,43.12,100093.43
2018-06-04,I,31.44,55.46,101959.98
2018-06-04,II,34.2,47.51,101614.62
2018-06-04,III,24.12,58.55,100260.78
2018-06-04,IV,27.16,49.52,101765.13
2018-06-04,IX,19.84,62.04,100456.2
2018-06-04,V,17.54,83.43,101184.2
2018-06-04,VI,19.35,64.98,100577.7
2018-06-04,VII,32.42,67.99,101764.85
2018-06-04,VIII,27.38,40.27,101168.26
2018-06-04,X,23.71,74.55,101257.33
2018-06-04,XI,27.29,82.74,101866.29
2018-06-04,XII,23.56,87.35,100252.35
2018-06-04,XIII,23.16,96.16,100157
2018-06-04,XIV,33.23,74.23,100747.13
2018-06-04,XV,25.85,76.81,101257.67
2018-06-04,XVII,18.68,53.71,101049.04
2018-06-04,XVIII,27.52,43.98,100440.72
2018-06-05,I,28.98,41.85,101114.68
2018-06-05,II,17.79,97.62,101797.54
2018-06-05,III,24.5,88.67,101081.06
2018-06-05,IV,15.09,44.76,101180.25
2018-06-05,IX,31.37,92.01,101105.07
2018-06-05,V,21.29,64.73,101612.62
2018-06-05,VI,14.8,65.31,101819.38
2018-06-05,VII,34.04,55.96,101379.67
2018-06-05,VIII,24.01,85.2,100460.46
2018-06-05,X,30.81,38.96,101788.1
2018-06-05,XI,17.49,73.6,101752.41
2018-06-05,XII,22.94,69.81,101147.5
2018-06-05,XIII,19.38,87.6,100426.93
2018-06-05,XIV,24.6,76.61,101593.85
2018-06-05,XV,29.76,41.29,100502.65
2018-06-05,XVII,29.5,64.36,101390.88
2018-06-05,XVIII,23.7,71.55,100193.67
2018-06-06,I,24.29,43.73,101768.08
2018-06-06,II,19.95,84.06,100714.69
2018-06-06,III,29.41,48.86,100764.77
2018-06-06,IV,21.3,68.1,101535.28
2018-06-06,IX,29.63,51.41,100307.99
2018-06-06,V,30.14,43.44,100566.19
2018-06-06,VI,14.12,76.82,100942.31
2018-06-06,VII,22.3,63.18,101468.56
2018-06-06,VIII,22.54,89.59,101730.18
2018-06-06,X,25.92,60.05,100215.11
2018-06-06,XI,27.25,88.05,101330.91
2018-06-06,XII,26.35,60.31,101150.85
2018-06-06,XIII,16.98,50.67,100622.85
2018-06-06,XIV,16.71,48,100965.26
2018-06-06,XV,17.83,45.54,100176.42
2018-06-06,XVII,17.24,83.08,100137.53
2018-06-06,XVIII,22.26,43.94,101757.94
2018-06-07,I,15.37,45.55,101457.74
2018-06-07,II,33.49,57.59,100230.91
2018-06-07,III,26.01,88.99,100812.82
2018-06-07,IV,27.29,46.03,101268.05
2018-06-07,IX,14.58,55.96,100791.15
2018-06-07,V,32.36,95.94,100202.53
2018-06-07,VI,19.99,81.68,101558.51
2018-06-07,VII,33.98,64.16,100637.62
2018-06-07,VIII,21.94,41.78,101289.26
2018-06-07,X,32.12,54.02,100288.57
2018-06-07,XI,19.77,95.47,101446.04
2018-06-07,XII,25.86,66.75,101029.38
2018-06-07,XIII,21.44,96.94,101939.15
2018-06-07,XIV,23.93,44.2,101288.12
2018-06-07,XV,31.76,66.77,100591.54
2018-06-07,XVII,22.8,86.17,101457.65
2018-06-07,XVIII,16.22,44.67,101164.48
2018-06-08,I,20.9,45.97,100829.07
2018-06-08,II,24.17,44.65,100868.25
2018-06-08,III,18.44,54.89,101877.78
2018-06-08,IV,25.71,67.55,100946.77
2018-06-08,IX,15.05,46.3,100254.17
2018-06-08,V,15.73,81.46,100832.77
2018-06-08,VI,26.64,57.46,101956.05
2018-06-08,VII,17.68,84.5,101911.69
2018-06-08,VIII,28.3,44.89,101701.3
2018-06-08,X,23.16,67.09,100840.54
2018-06-08,XI,26.12,79.6,100293.81
2018-06-08,XII,23.93,43.72,101442.93
2018-06-08,XIII,25.96,65.74,100605.01
2018-06-08,XIV,32.6,58.2,100862.1
2018-06-08,XV,33.73,82.54,100597.33
2018-06-08,XVII,25.72,78.5,100369.01
2018-06-08,XVIII,28.92,52.16,100906.04
2018-06-09,I,14.33,65.26,101013.57
2018-06-09,II,16.41,72.73,101650.71
2018-06-09,III,33.47,52.47,100262.31
2018-06-09,IV,32.15,59.09,100725.65
2018-06-09,IX,14.23,84.54,100574.99
2018-06-09,V,21.4,61.9,101385.14
2018-06-09,VI,26.57,51.67,100425.63
2018-06-09,VII,27.78,79.39,100948.12
2018-06-09,VIII,23.64,95.93,101063.76
2018-06-09,X,25.88,79.4,101666.94
2018-06-09,XI,22.25,57.57,101022.32
2018-06-09,XII,17.98,41.58,101563.45
2018-06-09,XIII,16.14,96.48,101892.02
2018-06-09,XIV,27.76,39.3,101121.45
2018-06-09,XV,17.34,43.39,100109.89
2018-06-09,XVII,33.35,79.71,101601.58
2018-06-09,XVIII,21.7,46.74,101105.66
2018-06-10,I,25.88,66.38,101641.07
2018-06-10,II,27.61,46.18,100431.11
2018-06-10,III,20.9,59.41,100094.94
2018-06-10,IV,33.13,73.75,101300.78
2018-06-10,IX,24.36,83.38,101779.57
2018-06-10,V,32.74,83.46,101484.02
2018-06-10,VI,32.66,77.08,100379.86
2018-06-10,VII,27.64,56.8,100950.55
2018-06-10,VIII,22.36,56.1,100066.56
2018-06-10,X,33.84,44.54,101295
2018-06-10,XI,24.52,38.24,101424.22
2018-06-10,XII,28.56,72.39,100277.23
2018-06-10,XIII,24.71,57.73,101502.01
2018-06-10,XIV,19.86,73.5,100673.93
2018-06-10,XV,31.55,80.98,101842.88
2018-06-10,XVII,18.9,83.25,101191.58
2018-06-10,XVIII,30.23,44.41,101286.24
2018-06-11,I,31.66,88.23,101398.52
2018-06-11,II,27.45,50.92,101380.11
2018-06-11,III,16.92,68.62,101810.46
2018-06-11,IV,27.29,57.32,101346.67
2018-06-11,IX,23.65,43.35,100699.1
2018-06-11,V,25.33,79.59,101021.07
2018-06-11,VI,15.22,89.81,101369.63
2018-06-11,VII,24.34,92.5,100122.4
2018-06-11,VIII,32.4,96.77,100364.64
2018-06-11,X,14.26,53.62,100849.35
2018-06-11,XI,15,87.61,100940.22
2018-06-11,XII,18.56,94.34,100525.63
2018-06-11,XIII,18.43,59.57,101523.54
2018-06-11,XIV,14.57,52.89,101089.66
2018-06-11,XV,17.08,89.13,100896.96
2018-06-11,XVII,26.16,62.83,100270.18
2018-06-11,XVIII,22.52,60.59,100555.32
2018-06-12,I,25.85,71.43,101848.87
2018-06-12,II,21.96,54.37,101147.58
2018-06-12,III,15.15,59.28,101999.17
2018-06-12,IV,32.48,69.57,100259.4
2018-06-12,IX,23.85,75.75,101079.53
2018-06-12,V,17.06,83.32,100457.09
2018-06-12,VI,28.33,89.62,101340.07
2018-06-12,VII,19.67,97.74,100192
2018-06-12,VIII,30.11,86.73,100922.96
2018-06-12,X,20.74,76.01,101770.78
2018-06-12,XI,24.66,38.08,101536.37
2018-06-12,XII,27.37,53.42,101348.1
2018-06-12,XIII,31.84,64.57,100694.83
2018-06-12,XIV,23.79,87.35,100873.69
2018-06-12,XV,17.27,53.5,100243.44
2018-06-12,XVII,22.33,39.55,100863.16
2018-06-12,XVIII,18.88,85.47,100007.54
2018-06-13,I,18.28,80.5,100151.43
2018-06-13,II,32.76,68.15,101443.35
2018-06-13,III,34.27,43.15,100080.66
2018-06-13,IV,18.34,60.27,101458.35
2018-06-13,IX,19.3,84.27,100570.57
2018-06-13,V,28.71,93.08,100419.9
2018-06-13,VI,33.07,81.21,101949.65
2018-06-13,VII,27.89,50.9,101594.07
2018-06-13,VIII,16.8,95.08,101781.12
2018-06-13,X,29.48,90.26,100299.99
2018-06-13,XI,24.34,86.63,101753.7
2018-06-13,XII,22.83,67.88,101185.38
2018-06-13,XIII,17.47,43.38,100787.75
2018-06-13,XIV,16.53,56.29,101354.4
2018-06-13,XV,30.44,52.9,100257.24
2018-06-13,XVII,14.1,44.3,101198.97
2018-06-13,XVIII,18.42,63.03,100258.05
2018-06-14,I,20.26,89.59,100861.64
2018-06-14,II,18.79,68.58,100134.89
2018-06-14,III,15.66,92.65,101350.95
2018-06-14,IV,18.09,81.12,101597.53
2018-06-14,IX,28.96,71.39,101082.07
2018-06-14,V,19.41,70.68,100581.31
2018-06-14,VI,32.33,47.6,101481.22
2018-06-14,VII,30.15,69.96,101540.25
2018-06-14,VIII,22.3,74.25,100974.08
2018-06-14,X,14.29,84.97,101197.6
2018-06-14,XI,26.54,57.16,100775.14
2018-06-14,XII,25.66,76.03,101132.22
2018-06-14,XIII,21.28,56.32,101952.34
2018-06-14,XIV,30.92,45.35,101575.44
2018-06-14,XV,25.34,39.45,101558.69
2018-06-14,XVII,16.25,46.29,101386.05
2018-06-14,XVIII,30.33,46.72,101210.01
2018-06-15,I,33.52,41.12,100859.07
2018-06-15,II,25.95,84.84,100368.43
2018-06-15,III,18.58,49.78,100508.59
2018-06-15,IV,16.75,93.56,101193.27
2018-06-15,IX,19.83,65.19,101397.15
2018-06-15,V,23.87,73.57,101148.78
2018-06-15,VI,15.91,80.91,100882.08
2018-06-15,VII,29.46,45.6,101766.8
2018-06-15,VIII,24.38,46.75,101858.47
2018-06-15,X,33.99,90.9,100543.18
2018-06-15,XI,18.7,63.21,100044.61
2018-06-15,XII,34.51,86.63,100124.44
2018-06-15,XIII,16.96,94.74,101362.3
2018-06-15,XIV,15.25,90.21,101820.58
2018-06-15,XV,16.58,40.32,100596.06
2018-06-15,XVII,16.32,76.09,101953.9
2018-06-15,XVIII,19.4,48.33,101517
2018-06-16,I,25.77,49.68,101227.7
2018-06-16,II,33.84,50,100350.11
2018-06-16,III,31.44,60.35,101386.3
2018-06-16,IV,23.33,88.63,100264.72
2018-06-16,IX,34.37,43.41,100223.66
2018-06-16,V,16.52,82.72,100205.21
2018-06-16,VI,19.8,70.15,100270.53
2018-06-16,VII,19.12,46.22,101133.63
2018-06-16,VIII,14.77,97.37,100263.67
2018-06-16,X,22.81,74.07,101647.21
2018-06-16,XI,29.18,47.12,101769.24
2018-06-16,XII,15.91,43.83,100443.92
2018-06-16,XIII,20.49,49.06,101389.15
2018-06-16,XIV,20.71,75.43,100260.5
2018-06-16,XV,31.38,88.78,100540.03
2018-06-16,XVII,15.25,59.85,100073.88
2018-06-16,XVIII,23.82,88.95,100264.18
2018-06-17,I,21.18,40.64,101459.72
2018-06-17,II,18.18,86.75,100088.27
2018-06-17,III,30.21,79.07,101311.88
2018-06-17,IV,16.21,80.8,100620.21
2018-06-17,IX,14.41,80.03,101312.96
2018-06-17,V,18.99,52.9,101544.42
2018-06-17,VI,29.39,72.97,100264.4
2018-06-17,VII,22.85,64.05,101326.33
2018-06-17,VIII,14.21,97.4,101960.74
2018-06-17,X,20.6,86.58,101381.78
2018-06-17,XI,30.94,45.01,101181.71
2018-06-17,XII,32.87,57.78,100408.77
2018-06-17,XIII,33.79,62.36,101135.33
2018-06-17,XIV,32.98,56.75,100863.13
2018-06-17,XV,32.84,52.32,100576.27
2018-06-17,XVII,23.04,88.61,100860.13
2018-06-17,XVIII,19.63,95.2,100296.3
2018-06-18,I,24.99,71.54,100671.67
2018-06-18,II,14.35,73.37,101212.92
2018-06-18,III,32.71,55.35,100690.1
2018-06-18,IV,19.2,61.39,100907.42
2018-06-18,IX,32.21,40.39,100667.18
2018-06-18,V,27.15,84.46,101253.47
2018-06-18,VI,31.2,73.55,101326.04
2018-06-18,VII,18.73,50.03,100219.9
2018-06-18,VIII,15.26,58.59,101641.22
2018-06-18,X,31.77,54.21,101074.49
2018-06-18,XI,29.44,81.83,100201.11
2018-06-18,XII,17.96,45.2,101144.71
2018-06-18,XIII,25.99,92.19,100512.8
2018-06-18,XIV,33.98,43.02,101598.25
2018-06-18,XV,26.25,84.65,101912.38
2018-06-18,XVII,21.82,76.58,100110.73
2018-06-18,XVIII,28.5,83.94,100841.72
2018-06-19,I,18.93,54.36,100965.12
2018-06-19,II,14.41,55.45,101849.05
2018-06-19,III,31.21,83.16,101572.8
2018-06-19,IV,34.97,85.83,100644.27
2018-06-19,IX,28.91,68.04,100446.57
2018-06-19,V,16.06,63.14,101367.47
2018-06-19,VI,32.91,70.42,100679.4
2018-06-19,VII,32.3,48.88,101812.83
2018-06-19,VIII,28.87,56.95,100194.23
2018-06-19,X,28.71,45.15,101876.19
2018-06-19,XI,15.46,79.7,101078.44
2018-06-19,XII,18.82,81.08,100706.56
2018-06-19,XIII,14.92,88.19,101475.48
2018-06-19,XIV,22.74,63.97,101458.1
2018-06-19,XV,22.66,95.1,101266.56
2018-06-19,XVII,22.91,96.09,100602.2
2018-06-19,XVIII,21.23,61.07,101243.04
2018-06-20,I,20.16,54.21,100401.4
2018-06-20,II,23.62,71,101504
2018-06-20,III,15.56,75.26,100540.78
2018-06-20,IV,17.63,93.81,100165.69
2018-06-20,IX,17.62,78.82,101116.37
2018-06-20,V,21.82,90.8,101551.81
2018-06-20,VI,23.43,61.23,100135.64
2018-06-20,VII,27.37,65.24,101997.04
2018-06-20,VIII,31.21,78.21,101385.38
2018-06-20,X,33.53,51.27,101578.27
2018-06-20,XI,18.15,85.03,100045.78
2018-06-20,XII,33.53,64.57,101903.37
2018-06-20,XIII,19.22,85.27,100747.62
2018-06-20,XIV,28.95,94.52,101660.27
2018-06-20,XV,22.81,72.53,101790.42
2018-06-20,XVII,31.5,59.35,100873.06
2018-06-20,XVIII,14.28,94.35,101190.14
2018-06-21,I,22.62,43.04,100786.18
2018-06-21,II,19.38,62.95,100526.6
2018-06-21,III,25.59,77.52,101828.09
2018-06-21,IV,32.16,44.23,101030.95
2018-06-21,IX,23.25,53.12,100829.83
2018-06-21,V,20.39,51.7,101407.8
2018-06-21,VI,32.6,83.96,101528.69
2018-06-21,VII,29.35,67.88,100723.11
2018-06-21,VIII,14.67,81.62,101651.73
2018-06-21,X,31.49,91.42,101815.12
2018-06-21,XI,15.06,49.23,101785.89
2018-06-21,XII,30.99,94.14,101484.3
2018-06-21,XIII,33.03,90.57,100159.94
2018-06-21,XIV,28.3,75.45,100067.04
2018-06-21,XV,17.29,76.07,101225.15
2018-06-21,XVII,21.31,72.08,100865.67
2018-06-21,XVIII,22.57,69.12,101159.98
2018-06-22,I,20.99,89.94,100320.13
2018-06-22,II,26.85,77.62,100565.26
2018-06-22,III,23.56,62.05,101473.38
2018-06-22,IV,21.64,38.03,100561.03
2018-06-22,IX,21,55.09,101531.41
2018-06-22,V,32.17,57.1,100158.7
2018-06-22,VI,25.37,74.27,101550.18
2018-06-22,VII,31.5,93.62,100000.59
2018-06-22,VIII,21.8,87.52,100186.81
2018-06-22,X,28,66.19,101531.13
2018-06-22,XI,25.12,84.94,100356.93
2018-06-22,XII,28.09,79.49,100506.83
2018-06-22,XIII,14.3,92.73,101874.58
2018-06-22,XIV,19.98,71.68,101103.01
2018-06-22,XV,23.23,74.6,101842.57
2018-06-22,XVII,28.4,75.32,100607.5
2018-06-22,XVIII,30.49,84.16,101151.53
2018-06-23,I,26.6,52.64,100217.68
2018-06-23,II,18.87,47.21,100081.14
2018-06-23,III,16.49,76.13,100258.02
2018-06-23,IV,31.77,45.43,100839.97
2018-06-23,IX,18.42,54.82,100375.68
2018-06-23,V,20.47,82.22,100737.51
2018-06-23,VI,34.17,53.77,100568.49
2018-06-23,VII,23.36,59.44,101288.18
2018-06-23,VIII,21.82,67.27,101022.34
2018-06-23,X,15.9,43.95,101860.91
2018-06-23,XI,18.78,42.29,101842.75
2018-06-23,XII,15.94,87.64,101781.19
2018-06-23,XIII,27.84,74,100714.23
2018-06-23,XIV,33.12,71.43,100868.41
2018-06-23,XV,34.07,41.46,100051.78
2018-06-23,XVII,30.86,38.85,101892.08
2018-06-23,XVIII,34.58,60.04,100021.52
2018-06-24,I,24.37,48.19,100604.25
2018-06-24,II,33.54,78.69,100174.72
2018-06-24,III,28.65,87.68,101996.25
2018-06-24,IV,19.47,39.79,101338.8
2018-06-24,IX,31.25,68.65,100141.07
2018-06-24,V,34.3,61.52,100149.01
2018-06-24,VI,19.53,85.71,100665.35
2018-06-24,VII,26.97,68.93,100527.96
2018-06-24,VIII,19.25,87.66,101000.64
2018-06-24,X,20.75,49.65,101729.99
2018-06-24,XI,24.97,64.58,101375.08
2018-06-24,XII,34.25,70.99,101493.35
2018-06-24,XIII,22.72,70.42,101647.8
2018-06-24,XIV,22.08,51.71,100670.12
2018-06-24,XV,18.52,81.28,101269.53
2018-06-24,XVII,17.71,88.3,101969.21
2018-06-24,XVIII,14.21,83.56,100605.87
2018-06-25,I,20.79,49.38,101649.97
2018-06-25,II,16.35,79.05,100971.6
2018-06-25,III,14.31,61.03,101503.29
2018-06-25,IV,21.9,49.16,100458.17
2018-06-25,IX,19.17,82.2,100901.87
2018-06-25,V,15.1,51.41,101295.43
2018-06-25,VI,21.76,96.76,100838.81
2018-06-25,VII,31.49,94.34,100083.29
2018-06-25,VIII,27.5,50.94,101326.47
2018-06-25,X,32.78,87.25,101696.08
2018-06-25,XI,15.05,95.39,100796.87
2018-06-25,XII,15.37,90.81,100669.44
2018-06-25,XIII,32.3,93.88,100362.64
2018-06-25,XIV,22.55,52.1,101811.22
2018-06-25,XV,23.83,54.54,100475.51
2018-06-25,XVII,15.72,75.42,100918.31
2018-06-25,XVIII,30.69,50.74,100237.82
2018-06-26,I,24.63,42.75,101297.07
2018-06-26,II,19.48,68.59,100852.04
2018-06-26,III,32.9,74.96,101322.35
2018-06-26,IV,23.31,63.01,101700.75
2018-06-26,IX,33.12,76.3,100860
2018-06-26,V,14.69,71.64,100658.73
2018-06-26,VI,29.77,55.44,101623.67
2018-06-26,VII,17.21,97.08,100745.89
2018-06-26,VIII,23.87,61.47,101905.87
2018-06-26,X,19.65,50.3,100945.7
2018-06-26,XI,20.08,53.19,100751.84
2018-06-26,XII,30.2,86.71,101813.89
2018-06-26,XIII,23.61,61.33,100202.93
2018-06-26,XIV,33.34,65.79,101061.59
2018-06-26,XV,28.79,56.39,100530.71
2018-06-26,XVII,20.84,40,101441.83
2018-06-26,XVIII,31.61,80.91,100627.93
2018-06-27,I,28.58,79.55,100286.58
2018-06-27,II,17.01,89.96,101579.19
2018-06-27,III,25.37,48.51,101925.15
2018-06-27,IV,25.47,42.37,100663.23
2018-06-27,IX,20.34,71.27,100492.45
2018-06-27,V,19.32,75.88,101610.98
2018-06-27,VI,18.55,72.12,100280.9
2018-06-27,VII,14.66,48.7,101178.98
2018-06-27,VIII,32.07,50.56,100636.07
2018-06-27,X,19.3,67.62,100160.47
2018-06-27,XI,23.59,69.4,101756.15
2018-06-27,XII,25.77,80.26,101236.99
2018-06-27,XIII,24.49,53.96,100769.86
2018-06-27,XIV,21.09,80.42,100602.26
2018-06-27,XV,25.03,63.35,101111.75
2018-06-27,XVII,27.27,53.97,101324.94
2018-06-27,XVIII,27.11,52.78,100590.66
2018-06-28,I,22.19,60.16,100052.06
2018-06-28,II,26.8,51.23,101866.68
2018-06-28,III,24.24,45.85,100043.96
2018-06-28,IV,31.65,91.59,100457.34
2018-06-28,IX,27,71.86,101309.26
2018-06-28,V,32.47,83.54,101033.68
2018-06-28,VI,17.06,68.9,100865.34
2018-06-28,VII,30.06,87.93,101815.94
2018-06-28,VIII,26.3,70.29,100892.69
2018-06-28,X,20.86,62.71,101789.88
2018-06-28,XI,28.66,44.97,101806.98
2018-06-28,XII,16.05,60.08,101113.44
2018-06-28,XIII,14.22,86.67,100168.06
2018-06-28,XIV,14.79,54.38,101879.17
2018-06-28,XV,26.59,59.29,101608
2018-06-28,XVII,33.65,77.96,100049.28
2018-06-28,XVIII,34.95,78.33,101378.26
2018-06-29,I,34.87,66.42,101329.57
2018-06-29,II,26.88,52.32,101748.09
2018-06-29,III,21.36,97.51,100791.86
2018-06-29,IV,27.73,81.49,101333.65
2018-06-29,IX,32.59,75.63,100317.39
2018-06-29,V,27.85,67.4,101842.74
2018-06-29,VI,14.67,91.55,100156.94
2018-06-29,VII,24.66,80.71,100612.43
2018-06-29,VIII,29.35,97.59,101230.57
2018-06-29,X,23.93,94.55,100653.27
2018-06-29,XI,17.47,61.37,101446.74
2018-06-29,XII,26.47,38.93,100183.26
2018-06-29,XIII,14.39,73.26,100313.48
2018-06-29,XIV,14.36,65.39,101516.6
2018-06-29,XV,18.91,73.84,101613.79
2018-06-29,XVII,27,54.94,101174.21
2018-06-29,XVIII,23.52,74.46,100565.53
2018-06-30,I,26.43,38.77,101682.81
2018-06-30,II,22,64.28,101089.32
2018-06-30,III,29.25,67.71,101092.63
2018-06-30,IV,30.22,74.65,100953.67
2018-06-30,IX,25.69,40.49,100939.94
2018-06-30,V,27.4,66.01,100781.78
2018-06-30,VI,22.36,95.14,101719.83
2018-06-30,VII,33.05,79.01,100974.53
2018-06-30,VIII,19.79,77.91,101802.7
2018-06-30,X,18.78,70.88,100834.3
2018-06-30,XI,33.08,89.43,101644.86
2018-06-30,XII,29.84,66.55,100536.19
2018-06-30,XIII,27.18,80.62,100421.8
2018-06-30,XIV,14.74,76.11,101595.85
2018-06-30,XV,18.15,84.98,100608.33
2018-06-30,XVII,15.76,95.55,101179.95
2018-06-30,XVIII,22.78,58.94,101727.36
2018-07-01,I,28.32,51.62,100782
2018-07-01,II,23.88,76.8,101606.86
2018-07-01,III,33.23,96.08,100211.38
2018-07-01,IV,31.46,51.92,100318.35
2018-07-01,IX,23.81,52.6,101869.92
2018-07-01,V,19.05,46,100844.48
2018-07-01,VI,32.54,87.94,100855.4
2018-07-01,VII,21.49,80.6,101808.5
2018-07-01,VIII,27.22,78.04,100185.88
2018-07-01,X,17.91,53.19,101536.75
2018-07-01,XI,27.84,81.86,101823.68
2018-07-01,XII,33.96,55.14,101594.66
2018-07-01,XIII,24.16,69.29,100296.66
2018-07-01,XIV,24.83,87.79,101910.29
2018-07-01,XV,21.79,72.14,101726.87
2018-07-01,XVII,33.17,38.85,100518.33
2018-07-01,XVIII,32.01,53.88,101704.09
2018-07-02,I,22.96,45.7,101435.3
2018-07-02,II,34.7,72.68,100938.67
2018-07-02,III,24.78,67.53,101443.96
2018-07-02,IV,34.78,77.13,101255.35
2018-07-02,IX,18.23,47.17,101440.58
2018-07-02,V,14.41,92.13,100140.15
2018-07-02,VI,33.13,93.99,100145.16
2018-07-02,VII,20.97,51.95,101484.69
2018-07-02,VIII,21.39,75.73,101178.62
2018-07-02,X,22.29,44.25,100145.13
2018-07-02,XI,33.27,87.46,100433.7
2018-07-02,XII,20.08,94.14,101450.23
2018-07-02,XIII,26.43,62.58,101015.93
2018-07-02,XIV,16.94,87.89,100171.28
2018-07-02,XV,30.13,74.62,100466.11
2018-07-02,XVII,26.52,95.18,101836.84
2018-07-02,XVIII,18.79,93.24,101306.7
2018-07-03,I,16.26,85.91,100777.92
2018-07-03,II,21.86,60.86,100799.18
2018-07-03,III,24.73,71.73,101458.22
2018-07-03,IV,29.9,72.16,100262.11
2018-07-03,IX,16.28,52.53,100364.43
2018-07-03,V,28.6,94.46,101725.77
2018-07-03,VI,29.72,48.6,101963.75
2018-07-03,VII,25.2,64.26,100281.24
2018-07-03,VIII,23.15,39.54,100516.58
2018-07-03,X,22.21,41.47,101211.01
2018-07-03,XI,24.09,64.02,100201.8
2018-07-03,XII,18.42,72.73,101470.13
2018-07-03,XIII,25.21,45.52,100461.27
2018-07-03,XIV,18.35,68.16,101337.73
2018-07-03,XV,29.26,69.32,100836.46
2018-07-03,XVII,15.15,83.47,100834.4
2018-07-03,XVIII,17.65,94.05,100600.31
2018-07-04,I,30.24,87.95,101733.05
2018-07-04,II,20.09,91.52,101311.29
2018-07-04,III,26.58,44.36,101907.47
2018-07-04,IV,34.87,39.16,101127.59
2018-07-04,IX,30.96,75.14,100269.23
2018-07-04,V,24.81,94.56,100330.85
2018-07-04,VI,16.27,77.77,101878.98
2018-07-04,VII,33.52,82.79,100251.64
2018-07-04,VIII,25.68,91.41,101367.64
2018-07-04,X,16.03,94.31,101780.36
2018-07-04,XI,31.18,55.07,101341.35
2018-07-04,XII,34.42,66.65,101693.68
2018-07-04,XIII,21.54,87.24,101266.78
2018-07-04,XIV,33.23,79.42,100745.3
2018-07-04,XV,28.05,74.71,101557.03
2018-07-04,XVII,31.66,54.56,100451.62
2018-07-04,XVIII,27.93,63.27,100965.64
2018-07-05,I,26.34,64.14,101743.7
2018-07-05,II,31.56,48.14,100731.69
2018-07-05,III,17.35,66.51,100260.35
2018-07-05,IV,16.11,53.32,100890
2018-07-05,IX,15.69,72.87,101058.78
2018-07-05,V,14.28,48.69,100269.77
2018-07-05,VI,27.33,94.35,100590.69
2018-07-05,VII,31.67,45.57,100135.91
2018-07-05,VIII,34.02,64.92,100412.24
2018-07-05,X,21.15,85.35,100663.58
2018-07-05,XI,33.68,48.91,100164.88
2018-07-05,XII,34.77,43.89,101221.44
2018-07-05,XIII,17.54,71.93,100689.61
2018-07-05,XIV,19.96,79.84,100119.74
2018-07-05,XV,17.09,95.28,100133.5
2018-07-05,XVII,33.7,86.84,101722.96
2018-07-05,XVIII,26.19,90.61,101748.16
2018-07-06,I,29.58,60.15,101737.26
2018-07-06,II,29.05,68.19,101559.37
2018-07-06,III,27.98,81.82,101615.43
2018-07-06,IV,20.75,43.46,100453.58
2018-07-06,IX,24.34,89.98,101331.9
2018-07-06,V,23.78,87.07,100272.71
2018-07-06,VI,27.64,38.23,101216.2
2018-07-06,VII,30.37,94.37,100538.08
2018-07-06,VIII,34,38.2,101827.7
2018-07-06,X,17.99,57.75,101948.95
2018-07-06,XI,26.31,92.92,100956.23
2018-07-06,XII,25.43,66.44,101415.1
2018-07-06,XIII,15.27,85.2,101229
2018-07-06,XIV,29.88,42.78,101764.66
2018-07-06,XV,18.59,51.89,101882.42
2018-07-06,XVII,22.01,70.5,100882.41
2018-07-06,XVIII,22.75,90.99,101941.55
2018-07-07,I,17.25,54.56,102000.87
2018-07-07,II,31.14,88.56,100356.06
2018-07-07,III,18.76,63.03,101549.32
2018-07-07,IV,28.5,69.76,101663.38
2018-07-07,IX,23.52,61.1,100623.24
2018-07-07,V,26.66,59.39,101305.36
2018-07-07,VI,17.93,82.71,100867.19
2018-07-07,VII,19.47,50.78,100899.72
2018-07-07,VIII,17.71,59.83,101525.36
2018-07-07,X,26.68,92.34,100313.22
2018-07-07,XI,21.23,41.75,100182.03
2018-07-07,XII,32.68,46.96,101130.44
2018-07-07,XIII,18.83,67.13,100950.39
2018-07-07,XIV,17.29,57.04,101980.68
2018-07-07,XV,27.66,68.5,101959.4
2018-07-07,XVII,18.5,58.52,101337.16
2018-07-07,XVIII,14.27,90.7,101367.69
2018-07-08,I,23.63,72.55,101999.08
2018-07-08,II,22.83,58.04,100323.44
2018-07-08,III,14.68,55.72,101032.91
2018-07-08,IV,31.68,40.59,100902.61
2018-07-08,IX,34.76,73.42,101126.83
2018-07-08,V,16.54,44.73,100865.1
2018-07-08,VI,26.15,40.44,100720.91
2018-07-08,VII,17.91,77.85,101148.08
2018-07-08,VIII,15.51,74.48,100243.25
2018-07-08,X,25.52,77.22,100867.87
2018-07-08,XI,19.03,47.87,101961.49
2018-07-08,XII,14.86,78.79,101244.82
2018-07-08,XIII,23.45,63.25,100069.83
2018-07-08,XIV,17.86,61.04,101786.79
2018-07-08,XV,31.03,40.69,100051.52
2018-07-08,XVII,14.95,51.42,101873.54
2018-07-08,XVIII,25.13,88.09,100112.93
2018-07-09,I,18.37,86.98,101084.61
2018-07-09,II,27.17,49.3,101589.1
2018-07-09,III,24.78,58.92,100425.34
2018-07-09,IV,25.59,49.64,100124.92
2018-07-09,IX,21.93,61.81,101942.11
2018-07-09,V,22.33,78.43,101614.58
2018-07-09,VI,30.95,61.66,101847.29
2018-07-09,VII,20.07,97.22,100023.29
2018-07-09,VIII,16.6,63.61,101450.82
2018-07-09,X,30.01,48.24,100968.97
2018-07-09,XI,22.79,55.38,100643.47
2018-07-09,XII,24.15,45.68,101673.51
2018-07-09,XIII,26.21,92.78,100371.66
2018-07-09,XIV,25.82,81.01,100765.84
2018-07-09,XV,24.25,84.13,101218.63
2018-07-09,XVII,18.1,38.82,101168.57
2018-07-09,XVIII,26.4,79.26,100491.81
2018-07-10,I,22.66,61.63,101233.51
2018-07-10,II,25.96,66.19,100940.08
2018-07-10,III,15.57,40.34,101429.85
2018-07-10,IV,22.48,79.84,100775.96
2018-07-10,IX,26.42,68.29,101104.89
2018-07-10,V,30.52,81.49,100151.56
2018-07-10,VI,18.45,83.77,101247.65
2018-07-10,VII,29.65,50.7,101394.55
2018-07-10,VIII,23.14,88.07,100507.84
2018-07-10,X,30.44,73.08,101338.16
2018-07-10,XI,28.53,95.17,101062.6
2018-07-10,XII,25.21,38.08,100619.32
2018-07-10,XIII,15.69,55.02,101677.02
2018-07-10,XIV,21.2,47.67,100247.47
2018-07-10,XV,21.53,91.46,101222.1
2018-07-10,XVII,20.7,60.48,100170.52
2018-07-10,XVIII,17.11,88.77,101677.26
2018-07-11,I,20.42,69.05,101364.48
2018-07-11,II,33.24,58.17,101327.19
2018-07-11,III,34.6,73.43,100817.81
2018-07-11,IV,22.11,42.45,100675.71
2018-07-11,IX,28.07,57.46,101969.03
2018-07-11,V,22.68,50.23,101220.85
2018-07-11,VI,21.49,48.46,101562.63
2018-07-11,VII,14.08,45.11,100442.53
2018-07-11,VIII,30.27,43.29,100279.77
2018-07-11,X,31.17,76.98,101467.43
2018-07-11,XI,14.31,61.09,100075.54
2018-07-11,XII,15.69,68.01,100576.75
2018-07-11,XIII,20.11,41.87,101981.59
2018-07-11,XIV,19.34,95.02,101715.92
2018-07-11,XV,24.45,42.87,100624.39
2018-07-11,XVII,27.68,65.1,100049.63
2018-07-11,XVIII,32.39,69.18,100715.1
2018-07-12,I,30.91,79.4,101110.06
2018-07-12,II,14.52,39.25,101868.24
2018-07-12,III,24.38,71.07,100668.62
2018-07-12,IV,29.98,52.26,101791.55
2018-07-12,IX,16.18,61.12,100523.6
2018-07-12,V,29.18,90.19,101649.89
2018-07-12,VI,32.77,81.81,100565.26
2018-07-12,VII,27,91.78,101177.46
2018-07-12,VIII,26.14,93.51,101997.12
2018-07-12,X,30.43,81.96,100061.09
2018-07-12,XI,30.34,64.29,101718.53
2018-07-12,XII,17.2,56.52,100418.01
2018-07-12,XIII,33.09,76.05,101492.35
2018-07-12,XIV,17.42,91.02,101750.42
2018-07-12,XV,32.58,95.59,101485.68
2018-07-12,XVII,14.29,96.09,100397.6
2018-07-12,XVIII,28.11,49.72,100111.84
2018-07-13,I,27.96,41.06,101356.55
2018-07-13,II,19.83,54.55,100027
2018-07-13,III,19.01,93.99,100556.38
2018-07-13,IV,32.72,74.06,101951.01
2018-07-13,IX,27.34,69.25,100194.3
2018-07-13,V,26.76,52.09,101005.58
2018-07-13,VI,24.95,79.4,101012.21
2018-07-13,VII,30.33,64.1,101973.81
2018-07-13,VIII,17.92,76.52,101161.83
2018-07-13,X,23.57,70.26,101357.6
2018-07-13,XI,24.9,83.19,100633.8
2018-07-13,XII,30.62,47.39,101599.35
2018-07-13,XIII,30.93,41.47,100548.86
2018-07-13,XIV,20.93,59.88,101258.15
2018-07-13,XV,14.11,72.44,101389.16
2018-07-13,XVII,19.92,45.41,101640.34
2018-07-13,XVIII,15.53,52.73,101236.47
2018-07-14,I,33.15,83.93,100465.35
2018-07-14,II,20.78,66.36,100347.32
2018-07-14,III,17.12,49.74,100558.6
2018-07-14,IV,23.62,67.07,100544.01
2018-07-14,IX,17.4,76.94,100526.62
2018-07-14,V,30.34,69.25,101125.21
2018-07-14,VI,21.41,48.61,100115.19
2018-07-14,VII,16.27,80.91,100365.22
2018-07-14,VIII,18.45,93.05,100974.12
2018-07-14,X,29.49,58.01,100346.16
2018-07-14,XI,19.62,79.33,101082.96
2018-07-14,XII,23.58,43.18,100946.35
2018-07-14,XIII,23.43,83.18,100457.69
2018-07-14,XIV,30.57,51.45,100504.65
2018-07-14,XV,19.5,73.09,101378.32
2018-07-14,XVII,18.93,94.41,100338.61
2018-07-14,XVIII,15.82,43.12,100587.85
2018-07-15,I,23.33,44.64,101120.77
2018-07-15,II,24.54,69.59,100971.38
2018-07-15,III,26.04,49.43,101542.09
2018-07-15,IV,31.4,67.24,100833.38
2018-07-15,IX,29.79,65.83,101875.91
2018-07-15,V,27.84,92.16,100627.2
2018-07-15,VI,30.01,40.03,100006.5
2018-07-15,VII,33.04,42.98,100507.98
2018-07-15,VIII,25.86,64.89,100097.96
2018-07-15,X,20.65,97.26,100496.7
2018-07-15,XI,25.07,41.52,101112.46
2018-07-15,XII,18.38,89.48,101286.01
2018-07-15,XIII,17.27,57.59,100005.45
2018-07-15,XIV,24.8,89.29,100996.45
2018-07-15,XV,29.99,80.11,100099.96
2018-07-15,XVII,34.87,93.2,100918.74
2018-07-15,XVIII,14.88,66.41,101481.19
2018-07-16,I,20.58,61.91,101824.95
2018-07-16,II,18.07,66.38,101843.81
2018-07-16,III,21.65,39.65,101576.18
2018-07-16,IV,21.09,44.46,101386.24
2018-07-16,IX,31.42,88.86,100087.8
2018-07-16,V,23.12,49.69,100192.03
2018-07-16,VI,16.17,97.19,101976.23
2018-07-16,VII,23.45,65.68,101961.94
2018-07-16,VIII,31.32,81.68,100254.18
2018-07-16,X,29.77,45.88,100830.3
2018-07-16,XI,17.24,76.64,100420.13
2018-07-16,XII,16.37,50.18,101063.8
2018-07-16,XIII,21.3,86.79,100053.28
2018-07-16,XIV,28.69,62.86,101567.55
2018-07-16,XV,22.07,79.43,100786.85
2018-07-16,XVII,16.43,76.53,100151.47
2018-07-16,XVIII,25.83,44.69,100801.88
2018-07-17,I,27.1,42.33,100680.21
2018-07-17,II,22.34,55.43,101076.89
2018-07-17,III,21.98,72.19,101163.37
2018-07-17,IV,16.13,69.44,100259.34
2018-07-17,IX,16.87,92.56,101144.89
2018-07-17,V,19.42,39.73,101385.29
2018-07-17,VI,14.64,63.68,100542.67
2018-07-17,VII,30.46,70.96,100861.31
2018-07-17,VIII,29.03,89.78,101634.67
2018-07-17,X,23.29,53.37,101904.83
2018-07-17,XI,21.09,77.23,101012.9
2018-07-17,XII,17.33,84.74,101422.41
2018-07-17,XIII,20.47,90.19,101715.07
2018-07-17,XIV,34.02,43.11,101039.76
2018-07-17,XV,31.87,44.76,100760.6
2018-07-17,XVII,15.73,89.62,100752.1
2018-07-17,XVIII,15.2,61.88,101472.41
2018-07-18,I,18.92,63.15,100933.86
2018-07-18,II,31.41,38.93,101077.07
2018-07-18,III,17.55,76.51,100167.93
2018-07-18,IV,30.04,75.86,101408.84
2018-07-18,IX,19.7,84.98,101708.64
2018-07-18,V,22.9,46.17,100566.81
2018-07-18,VI,34.55,90.34,101391.33
2018-07-18,VII,23.55,64.35,101083.38
2018-07-18,VIII,28.85,61.7,101152.81
2018-07-18,X,22.95,85.88,101140.48
2018-07-18,XI,25.4,59.77,101107.87
2018-07-18,XII,31.62,96.31,101978.81
2018-07-18,XIII,18.09,95.06,101576.72
2018-07-18,XIV,29.46,75.78,101599.25
2018-07-18,XV,26.98,40.83,100347.34
2018-07-18,XVII,29.9,88.82,101844.22
2018-07-18,XVIII,26.43,60.73,101055.33
2018-07-19,I,34.14,87.19,100006.62
2018-07-19,II,28.98,73.24,100191.79
2018-07-19,III,15.08,61.04,101428.94
2018-07-19,IV,32.26,74.27,101426.63
2018-07-19,IX,25.65,45.74,101223.49
2018-07-19,V,18.29,85.37,101952.53
2018-07-19,VI,20.16,87.53,101274.21
2018-07-19,VII,22.15,59.98,101321.97
2018-07-19,VIII,19.41,97.48,101702.71
2018-07-19,X,30.44,38.59,100946.07
2018-07-19,XI,23.93,70.68,101868.5
2018-07-19,XII,22.54,44.84,101021.1
2018-07-19,XIII,24.59,78.3,100137.71
2018-07-19,XIV,24.71,92.9,101755.52
2018-07-19,XV,16.52,57.54,101694.35
2018-07-19,XVII,31.29,80.59,100029.54
2018-07-19,XVIII,23.97,61.23,100403.54
2018-07-20,I,31.45,75.95,101871.11
2018-07-20,II,14.53,94.79,100201.39
2018-07-20,III,23.98,87.76,100205.64
2018-07-20,IV,34.62,83.8,100896.57
2018-07-20,IX,32.21,88.27,101317.79
2018-07-20,V,31.01,95.83,101467.97
2018-07-20,VI,18.67,55.98,100418.32
2018-07-20,VII,32.28,87.79,101496.84
2018-07-20,VIII,17.01,53.24,101556.66
2018-07-20,X,20.42,70.07,101781.09
2018-07-20,XI,21.83,63.03,100720.67
2018-07-20,XII,26.41,90.21,101582.21
2018-07-20,XIII,18.86,78.86,100635.98
2018-07-20,XIV,32.65,80.14,101140.3
2018-07-20,XV,30.28,79.07,101426.09
2018-07-20,XVII,17.37,41.63,100550.17
2018-07-20,XVIII,24.82,97.99,101124.05
2018-07-21,I,30.04,73.81,100859.07
2018-07-21,II,16.82,48.95,101596.03
2018-07-21,III,24.39,42.56,101423.88
2018-07-21,IV,32.22,80.07,101418.96
2018-07-21,IX,27.11,90.86,100713.48
2018-07-21,V,14.59,49.26,100357.01
2018-07-21,VI,15.14,88.54,100468.58
2018-07-21,VII,15.88,49.1,101742.42
2018-07-21,VIII,21,38.27,101107.48
2018-07-21,X,21.03,85.65,100173.25
2018-07-21,XI,28.48,77.51,100894.63
2018-07-21,XII,25.64,74.22,101628.1
2018-07-21,XIII,17.49,50.63,101569.22
2018-07-21,XIV,20.26,68.84,100381.62
2018-07-21,XV,30.28,58.68,100733.82
2018-07-21,XVII,33.54,68.9,100888.95
2018-07-21,XVIII,30.57,68.03,100891.25
2018-07-22,I,28.93,83.21,100861.2
2018-07-22,II,30.95,44.09,101662.38
2018-07-22,III,21.13,53.01,100212.96
2018-07-22,IV,21.69,60.54,101611.98
2018-07-22,IX,27.2,91.32,101047.68
2018-07-22,V,25.71,63.33,100345.67
2018-07-22,VI,28.42,48.91,100834.6
2018-07-22,VII,20.62,64.75,100306.12
2018-07-22,VIII,31.06,68.34,100254.75
2018-07-22,X,31.8,40.03,101891.93
2018-07-22,XI,22.91,69.57,100428.88
2018-07-22,XII,32.02,82.64,101837.08
2018-07-22,XIII,20.06,89.48,100482.11
2018-07-22,XIV,17.02,66.33,101615.83
2018-07-22,XV,27.66,72.83,101658.36
2018-07-22,XVII,27.58,96.81,100128.99
2018-07-22,XVIII,15.12,78.47,100637.13
2018-07-23,I,19.7,61.32,100083.91
2018-07-23,II,25.94,67.85,101704.33
2018-07-23,III,18.94,62.48,100134.57
2018-07-23,IV,23.44,82.9,100781.82
2018-07-23,IX,17.75,61.57,101291.35
2018-07-23,V,17.28,63.79,100348.57
2018-07-23,VI,33.35,53.59,101547.03
2018-07-23,VII,34.06,54.99,100474.2
2018-07-23,VIII,34.88,96.52,101407.5
2018-07-23,X,14.03,60.41,101687.47
2018-07-23,XI,32.74,38.22,100455.66
2018-07-23,XII,31.28,74.51,101388.71
2018-07-23,XIII,22.35,54.18,100556.92
2018-07-23,XIV,23.31,62.19,101881.02
2018-07-23,XV,24.33,94.88,101162.25
2018-07-23,XVII,34.35,84.12,100631.7
2018-07-23,XVIII,34.38,60.67,101164.73
2018-07-24,I,19.38,40.83,101796.28
2018-07-24,II,24.99,81.31,101090.7
2018-07-24,III,23.12,82.47,100015.6
2018-07-24,IV,14.88,84.24,100359.05
2018-07-24,IX,30.96,93.98,101985.89
2018-07-24,V,24.24,72.22,101049.32
2018-07-24,VI,31.31,71.9,100210.25
2018-07-24,VII,31.47,63.62,101595.63
2018-07-24,VIII,29.24,53.89,101735.77
2018-07-24,X,26.87,86.56,100622.36
2018-07-24,XI,30.19,43.7,101899
2018-07-24,XII,30.48,73.02,101161.36
2018-07-24,XIII,33.93,40.95,100706.79
2018-07-24,XIV,27.15,85.67,100433.96
2018-07-24,XV,25.34,55.3,100105.37
2018-07-24,XVII,34.69,89.81,100277.76
2018-07-24,XVIII,27.7,86.26,101709.18
2018-07-25,I,24.42,57.22,100591.58
2018-07-25,II,23.4,38.76,100888.29
2018-07-25,III,18.67,90.25,101109.82
2018-07-25,IV,33.36,80.5,101651.17
2018-07-25,IX,25.7,71.71,101354.97
2018-07-25,V,23.91,69.4,101807.84
2018-07-25,VI,19.26,52.31,101397.06
2018-07-25,VII,23.32,42.25,100122.06
2018-07-25,VIII,30.15,97.55,100646.56
2018-07-25,X,30.82,53.87,101688.68
2018-07-25,XI,24.03,51.82,100026.53
2018-07-25,XII,15.04,72.35,100785.76
2018-07-25,XIII,18.96,44.18,101181.5
2018-07-25,XIV,26.65,95.41,101349.2
2018-07-25,XV,15.58,88.16,101676.21
2018-07-25,XVII,29.76,66.82,100515.35
2018-07-25,XVIII,19.01,71.41,101462.99
2018-07-26,I,28.65,79.15,101961.24
2018-07-26,II,28.67,53.51,100192.97
2018-07-26,III,31.6,63.32,100170.15
2018-07-26,IV,34.25,43.97,101658.98
2018-07-26,IX,16.73,81.84,101486.83
2018-07-26,V,34.97,60.43,101285.61
2018-07-26,VI,23.13,78.2,100650.19
2018-07-26,VII,14.09,89.43,100723.33
2018-07-26,VIII,25.63,58.42,100951.49
2018-07-26,X,33.41,87.12,100491.84
2018-07-26,XI,24.19,89.2,100243.32
2018-07-26,XII,14.01,92.77,100887.55
2018-07-26,XIII,15.99,54.9,100537.48
2018-07-26,XIV,15.89,78.56,100225.31
2018-07-26,XV,18.29,40.84,101597.32
2018-07-26,XVII,17.27,77.34,100448.5
2018-07-26,XVIII,15.39,90.9,101424.31
2018-07-27,I,20.3,83.21,101524.53
2018-07-27,II,31.04,63.54,100341.43
2018-07-27,III,16.71,93.45,100142.52
2018-07-27,IV,33.01,44.46,100004.12
2018-07-27,IX,14.42,79.84,101565.63
2018-07-27,V,21.27,69.03,101872.91
2018-07-27,VI,29.72,81.34,101608.98
2018-07-27,VII,16.28,82.48,101824.21
2018-07-27,VIII,21.9,90.84,100632.75
2018-07-27,X,23.83,81.57,101221.78
2018-07-27,XI,28.55,50.97,100725.12
2018-07-27,XII,23.23,64.45,101947.54
2018-07-27,XIII,21.63,94.33,100272.69
2018-07-27,XIV,31.85,75.9,100586.16
2018-07-27,XV,25.48,44.1,100397.34
2018-07-27,XVII,32.69,89.81,101911.38
2018-07-27,XVIII,30.56,58.09,101737.52
2018-07-28,I,30.76,82.32,100917.09
2018-07-28,II,24.46,49.17,100590.59
2018-07-28,III,25.85,48.74,101996.37
2018-07-28,IV,30.83,57.52,101714.71
2018-07-28,IX,23.02,66.41,100531.2
2018-07-28,V,24.99,72.42,101218.72
2018-07-28,VI,31.76,77.18,100656.17
2018-07-28,VII,22.28,40.51,101613.11
2018-07-28,VIII,16.96,42.81,101606.23
2018-07-28,X,19.85,45.35,101670.84
2018-07-28,XI,32.17,68.55,101946.39
2018-07-28,XII,24.87,58.17,101723.54
2018-07-28,XIII,31.44,87.63,101758.95
2018-07-28,XIV,16.86,69.75,101582.08
2018-07-28,XV,17.32,69.69,101637.38
2018-07-28,XVII,19.21,60.42,101696.17
2018-07-28,XVIII,34.68,90.59,100016.96
2018-07-29,I,21.93,52.48,101941.57
2018-07-29,II,32.78,78.32,101859.85
2018-07-29,III,18.13,50.2,101437.33
2018-07-29,IV,22.73,74.04,100067.31
2018-07-29,IX,22.32,39.87,101934.7
2018-07-29,V,27.66,48.84,100003.43
2018-07-29,VI,33.94,39.9,100757.31
2018-07-29,VII,33.13,48.38,101704.45
2018-07-29,VIII,17.45,47.98,101539.69
2018-07-29,X,14.38,83.68,101563.77
2018-07-29,XI,26.13,59.54,101255.56
2018-07-29,XII,31.62,49.55,101409.5
2018-07-29,XIII,15.99,57.29,101948.74
2018-07-29,XIV,32.68,85.25,101632.69
2018-07-29,XV,27.62,69.59,100438.71
2018-07-29,XVII,24.61,81.09,101409.44
2018-07-29,XVIII,28.81,68.46,101284.64
2018-07-30,I,27.63,64.38,100021.78
2018-07-30,II,23.34,68.41,101081.79
2018-07-30,III,24.53,40.71,100894.48
2018-07-30,IV,30.71,51.76,101968.02
2018-07-30,IX,19.09,94.71,100596.49
2018-07-30,V,16.23,76.22,100311.72
2018-07-30,VI,18.97,38.15,101663.81
2018-07-30,VII,21.83,90.38,100274.12
2018-07-30,VIII,16.76,52.69,101620.06
2018-07-30,X,15.43,49.03,100119.77
2018-07-30,XI,26.67,61.67,101403.61
2018-07-30,XII,21.49,48.21,100540.2
2018-07-30,XIII,33.14,38.43,100037.45
2018-07-30,XIV,25.89,70.57,100454.36
2018-07-30,XV,22.74,62.42,100651.96
2018-07-30,XVII,27.34,92.56,101015.01
2018-07-30,XVIII,16.11,70.02,100066.01
2018-07-31,I,16.94,38.31,100088.88
2018-07-31,II,18.11,42.54,101560.61
2018-07-31,III,20.4,74.59,100202.66
2018-07-31,IV,23.58,78.83,100249.53
2018-07-31,IX,22.88,71.87,101814.25
2018-07-31,V,15.81,39.11,100856.97
2018-07-31,VI,24.86,66.13,100428.15
2018-07-31,VII,28.05,86.95,101622.06
2018-07-31,VIII,15.4,97.76,101073.24
2018-07-31,X,25.12,94.28,100927.26
2018-07-31,XI,14.57,59.37,100825.59
2018-07-31,XII,28.46,39.2,100201.35
2018-07-31,XIII,18.41,81.62,101138.26
2018-07-31,XIV,17.36,56.35,100458.85
2018-07-31,XV,31.95,59.66,101589.27
2018-07-31,XVII,34.85,85.54,101604.2
2018-07-31,XVIII,34.36,89.41,100926.74
2018-08-01,I,15.78,53.55,101180.21
2018-08-01,II,28.97,56.17,101518.43
2018-08-01,III,32.1,57.57,100889.17
2018-08-01,IV,17.49,57.27,101533.4
2018-08-01,IX,26.6,84.49,101548.75
2018-08-01,V,21.01,51.89,100427.89
2018-08-01,VI,16.84,42.06,101580.44
2018-08-01,VII,33.68,59.79,101413.77
2018-08-01,VIII,29.83,56.16,101696.71
2018-08-01,X,30.94,56.14,100160.91
2018-08-01,XI,25.98,55.32,101446.48
2018-08-01,XII,24.23,46.67,101681.47
2018-08-01,XIII,31.01,50.24,101680.49
2018-08-01,XIV,15.51,75.05,101437.07
2018-08-01,XV,32.34,63.75,100935.74
2018-08-01,XVII,14.3,86.63,101082.04
2018-08-01,XVIII,17.11,81.82,100658.54
2018-08-02,I,32.85,44.16,101385.95
2018-08-02,II,15.14,66.39,100126.72
2018-08-02,III,17.86,63.4,101297.32
2018-08-02,IV,20.32,52.43,101374.41
2018-08-02,IX,28.34,91.14,101307.66
2018-08-02,V,17.01,42.41,100938.19
2018-08-02,VI,21.73,70.73,100661.21
2018-08-02,VII,32.07,40.43,101958.88
2018-08-02,VIII,21.95,83.94,101861.93
2018-08-02,X,24.52,88.87,100212.94
2018-08-02,XI,29.16,83.15,100504.08
2018-08-02,XII,15.62,88.57,100213.36
2018-08-02,XIII,17.19,75.04,100554.27
2018-08-02,XIV,31.91,92.88,101334.54
2018-08-02,XV,21.62,70.5,100150.33
2018-08-02,XVII,22.31,53.21,100563.96
2018-08-02,XVIII,31.52,79.21,101842.41
2018-08-03,I,23.8,52.43,100525.03
2018-08-03,II,16.13,56.19,100260.28
2018-08-03,III,31.07,64,101384.16
2018-08-03,IV,18.91,52.32,100086.23
2018-08-03,IX,34.84,42.68,101667.86
2018-08-03,V,33.71,56.59,100478.75
2018-08-03,VI,30.94,85.27,100276.25
2018-08-03,VII,27.41,56.82,100598.25
2018-08-03,VIII,19.91,88.43,100970.53
2018-08-03,X,26.83,89.77,100147.6
2018-08-03,XI,17.63,60.99,101334.46
2018-08-03,XII,34.47,92.97,101862.34
2018-08-03,XIII,14.99,50.53,100206.08
2018-08-03,XIV,31.92,54.5,100452.56
2018-08-03,XV,30.26,61.29,101146.5
2018-08-03,XVII,22.03,39.8,100426.64
2018-08-03,XVIII,32.94,64.77,101755.84
2018-08-04,I,21.96,50.06,100125.02
2018-08-04,II,34.53,45.63,101799.38
2018-08-04,III,23.02,93.12,101718.21
2018-08-04,IV,34.72,67.26,100300.35
2018-08-04,IX,28.38,54.75,100153.56
2018-08-04,V,26.64,90.5,100901.28
2018-08-04,VI,17.79,90.62,100829.1
2018-08-04,VII,15.72,74.13,101356.33
2018-08-04,VIII,15.14,84.56,101614.09
2018-08-04,X,27.67,72.69,101483.62
2018-08-04,XI,20.18,44.77,100384.86
2018-08-04,XII,18.24,41.58,100241.33
2018-08-04,XIII,14.62,54.32,100426.69
2018-08-04,XIV,29.03,60.46,101638.01
2018-08-04,XV,17.14,39.88,100625.85
2018-08-04,XVII,20.06,73.55,101127.17
2018-08-04,XVIII,23.2,57.69,101392.52
2018-08-05,I,21.95,58.67,101372.1
2018-08-05,II,31.47,55.99,101250.72
2018-08-05,III,26.51,74.64,100174.94
2018-08-05,IV,34.97,50.37,100964.58
2018-08-05,IX,15.48,72.87,101289.09
2018-08-05,V,31.53,74.95,101406.92
2018-08-05,VI,25.42,54.29,101887.64
2018-08-05,VII,29.03,41.25,100682.26
2018-08-05,VIII,29.01,59.14,100852.8
2018-08-05,X,33.26,89.85,101157.83
2018-08-05,XI,30.54,44.74,100947.13
2018-08-05,XII,25.35,96.56,100592.54
2018-08-05,XIII,17.47,64.11,100074.14
2018-08-05,XIV,26.72,57.59,101905.2
2018-08-05,XV,24.77,59.08,100334.97
2018-08-05,XVII,15.06,87.63,101629.88
2018-08-05,XVIII,24.2,63.81,100062.57
2018-08-06,I,16.08,97.35,100992.36
2018-08-06,II,31.55,92.65,101945.8
2018-08-06,III,14.47,38.11,101980.62
2018-08-06,IV,14.55,64.14,100011.62
2018-08-06,IX,30.15,66.15,100724
2018-08-06,V,26.1,66.23,100991.59
2018-08-06,VI,31.86,40.5,100894.03
2018-08-06,VII,19.55,50.7,100918.54
2018-08-06,VIII,22.71,77.89,100920.06
2018-08-06,X,34.87,43.42,100761.71
2018-08-06,XI,17.4,84.47,101974.25
2018-08-06,XII,31.91,84.66,100276.29
2018-08-06,XIII,18.53,76.63,100984.12
2018-08-06,XIV,33.71,64.08,101602.51
2018-08-06,XV,33.14,71.19,101015.88
2018-08-06,XVII,24.28,69.66,101998.52
2018-08-06,XVIII,32.22,55.08,100103.02
2018-08-07,I,27.62,63.39,101052.62
2018-08-07,II,31.52,48.46,100600.13
2018-08-07,III,18.84,96.94,100702.17
2018-08-07,IV,31.01,54.26,101597.59
2018-08-07,IX,15.89,79.26,101546.21
2018-08-07,V,21.68,54.54,100739.85
2018-08-07,VI,25.72,66.63,101399.04
2018-08-07,VII,31.09,61.61,101337.37
2018-08-07,VIII,33.23,81.06,100999.48
2018-08-07,X,34.2,84.57,100655.61
2018-08-07,XI,17.5,86.47,100630.57
2018-08-07,XII,31.63,62.78,100031.34
2018-08-07,XIII,20.1,72.07,100568.14
2018-08-07,XIV,14.17,91.64,101263.58
2018-08-07,XV,16.45,79.21,100860.39
2018-08-07,XVII,14.91,48.8,101562.1
2018-08-07,XVIII,23.48,68.79,100456.93
2018-08-08,I,14.6,67.91,101553.36
2018-08-08,II,15.45,44.08,101548.91
2018-08-08,III,26.99,53.85,101114.34
2018-08-08,IV,34.28,38.46,100504.45
2018-08-08,IX,33.85,49.5,101047.46
2018-08-08,V,26.97,77.48,100272.33
2018-08-08,VI,29.99,46.42,100049.68
2018-08-08,VII,33.57,84.16,100818.13
2018-08-08,VIII,16.74,78.75,101709.34
2018-08-08,X,23.76,40.88,101978.32
2018-08-08,XI,20.08,59.09,101519.93
2018-08-08,XII,18.14,39.47,101726.55
2018-08-08,XIII,31.09,76.41,101791.75
2018-08-08,XIV,27.98,51.66,100515.29
2018-08-08,XV,33.44,71.53,101277.3
2018-08-08,XVII,30.13,77.09,100088.9
2018-08-08,XVIII,17.85,50.85,101354.4
2018-08-09,I,30.28,82.48,100925.47
2018-08-09,II,19.42,93.58,100275.1
2018-08-09,III,17.51,49.4,101510.21
2018-08-09,IV,21.47,87.93,100158.12
2018-08-09,IX,14.14,86.65,100558.78
2018-08-09,V,34.32,64.24,101758.31
2018-08-09,VI,27.67,50.82,100277.78
2018-08-09,VII,34.88,90.9,101008.99
2018-08-09,VIII,22.78,74.14,100044.47
2018-08-09,X,14.44,93.97,100307.36
2018-08-09,XI,19.77,97.25,101236.96
2018-08-09,XII,16.87,60,101697
2018-08-09,XIII,31.03,96.14,100077.58
2018-08-09,XIV,22.57,59.39,100515.83
2018-08-09,XV,17.81,88.27,100787.23
2018-08-09,XVII,26.93,47.45,100315.75
2018-08-09,XVIII,14.32,82.62,101199.36
2018-08-10,I,28.11,51.81,101901.52
2018-08-10,II,22.48,91.47,100037.38
2018-08-10,III,30.24,62.09,100304.76
2018-08-10,IV,30.3,78.05,100405.7
2018-08-10,IX,14.71,94.23,100339.55
2018-08-10,V,31.45,79.03,100512.69
2018-08-10,VI,21.87,58.73,100361.03
2018-08-10,VII,26.35,38.91,100902.29
2018-08-10,VIII,18.54,87.79,100491.02
2018-08-10,X,19.69,82,101483.63
2018-08-10,XI,22.73,57.98,100623.18
2018-08-10,XII,33.69,42.55,101548.01
2018-08-10,XIII,34.23,65.32,101470.99
2018-08-10,XIV,17.9,71.27,100800.68
2018-08-10,XV,14.8,46.71,100448.64
2018-08-10,XVII,28.21,58.07,101024.52
2018-08-10,XVIII,14.18,95.62,101845.27
2018-08-11,I,21.75,95.83,101770.63
2018-08-11,II,32.08,83.54,101493.19
2018-08-11,III,25.29,96.04,100237.06
2018-08-11,IV,23.88,69.53,101669.9
2018-08-11,IX,30.86,91.61,101026.39
2018-08-11,V,14.07,50.99,101016.85
2018-08-11,VI,23.98,70.04,100815.69
2018-08-11,VII,25.05,80.53,100094.69
2018-08-11,VIII,22.26,41.24,100837.58
2018-08-11,X,21.11,87.93,100716.19
2018-08-11,XI,26.11,68.38,100610.52
2018-08-11,XII,33.74,39.07,100269.51
2018-08-11,XIII,24.34,51.25,101394.28
2018-08-11,XIV,26.24,64,101007.36
2018-08-11,XV,34.08,45.28,100627.79
2018-08-11,XVII,34.43,82.43,101846.71
2018-08-11,XVIII,27.88,74.21,101665.42
2018-08-12,I,33.8,79.67,100060.88
2018-08-12,II,27.97,67.07,100501.94
2018-08-12,III,30.38,51.66,100819.23
2018-08-12,IV,19.17,57.33,100558.47
2018-08-12,IX,14.47,53.63,100619.19
2018-08-12,V,15.52,45.33,100165.65
2018-08-12,VI,28.86,94.8,100542.69
2018-08-12,VII,22.67,44.95,101840.77
2018-08-12,VIII,17.11,88.19,100844.84
2018-08-12,X,20.8,66.43,101311.95
2018-08-12,XI,31.62,48.02,100199.77
2018-08-12,XII,20.44,43.04,101800.23
2018-08-12,XIII,25.46,44.44,101391.84
2018-08-12,XIV,25.33,40.89,100600.71
2018-08-12,XV,24.5,73.35,100406.74
2018-08-12,XVII,31.32,82.51,100088.38
2018-08-12,XVIII,16.05,47.55,100528.95
2018-08-13,I,24.81,41.97,101269.66
2018-08-13,II,18.05,58.76,100006.68
2018-08-13,III,30.69,41.03,100277.84
2018-08-13,IV,22.63,67.24,100747.62
2018-08-13,IX,29.99,95.64,100380.86
2018-08-13,V,16.94,91.31,101882.07
2018-08-13,VI,28.84,60.84,100555.75
2018-08-13,VII,31.97,46.14,101744.22
2018-08-13,VIII,33.77,85.46,101023.25
2018-08-13,X,27.11,84.93,100465.33
2018-08-13,XI,31.74,43.31,100221.76
2018-08-13,XII,17.28,38.07,101934.61
2018-08-13,XIII,18.78,86.33,101343.58
2018-08-13,XIV,32.41,73.77,101673.75
2018-08-13,XV,32.38,46.8,100800.74
2018-08-13,XVII,20.58,66.98,101443.69
2018-08-13,XVIII,22.14,80.67,100814.38
2018-08-14,I,33.74,79.25,101162.59
2018-08-14,II,22.94,78.81,101874.82
2018-08-14,III,18.54,44.69,101712.01
2018-08-14,IV,30.31,38.98,100102.71
2018-08-14,IX,29.24,70.12,101960.35
2018-08-14,V,20.23,58.17,100885.05
2018-08-14,VI,20.15,74.31,101561.16
2018-08-14,VII,27.53,56.34,100896.88
2018-08-14,VIII,16.78,69.35,101187.99
2018-08-14,X,30.97,42.45,101114.64
2018-08-14,XI,16.51,53.45,100389.76
2018-08-14,XII,18.89,94.83,101080.1
2018-08-14,XIII,26.95,55.92,101204.16
2018-08-14,XIV,32.13,86.71,100717.87
2018-08-14,XV,30.34,56.14,100896.08
2018-08-14,XVII,22.19,63.02,100131.84
2018-08-14,XVIII,16.17,80.95,101758.03
2018-08-15,I,26.34,78.55,101867.66
2018-08-15,II,24.36,40.69,100012.39
2018-08-15,III,33.56,84.59,100700.4
2018-08-15,IV,32.98,39.44,100203.08
2018-08-15,IX,27.65,97.04,100753.32
2018-08-15,V,19.04,52.27,100896.5
2018-08-15,VI,22.58,48.18,100070.93
2018-08-15,VII,26.61,96.83,101143.49
2018-08-15,VIII,25.22,67.4,101024.86
2018-08-15,X,31.54,88.79,100983.97
2018-08-15,XI,18.71,47.54,100803.6
2018-08-15,XII,34.19,83.38,100444.82
2018-08-15,XIII,29.32,65.01,101606.13
2018-08-15,XIV,17.2,41.24,101177.38
2018-08-15,XV,16.44,56.23,101223.21
2018-08-15,XVII,22.86,77.58,100683.53
2018-08-15,XVIII,25.27,46.03,100856.36
2018-08-16,I,22.29,54.31,101392.37
2018-08-16,II,33.77,71.33,100376.82
2018-08-16,III,28.89,80.22,101720.31
2018-08-16,IV,30.12,58.9,101939.68
2018-08-16,IX,31.42,78.57,100468.18
2018-08-16,V,34.67,92.82,100608.28
2018-08-16,VI,15.42,66.62,101712.75
2018-08-16,VII,16.75,92.67,101859.38
2018-08-16,VIII,28.71,86.27,101108.93
2018-08-16,X,18.82,51.77,101268.16
2018-08-16,XI,26.63,81.6,101064.14
2018-08-16,XII,31.23,72.88,101021.68
2018-08-16,XIII,18.22,95.07,100736.84
2018-08-16,XIV,22.11,90.95,100516.32
2018-08-16,XV,32.61,38.36,100288.96
2018-08-16,XVII,19.98,44.75,101365.54
2018-08-16,XVIII,15.83,50.47,101069.66
2018-08-17,I,14.48,82.37,101455.2
2018-08-17,II,30.68,53.7,101323.09
2018-08-17,III,29.94,49.42,101771.58
2018-08-17,IV,16.78,69.98,100656.25
2018-08-17,IX,26.68,85.65,101664.19
2018-08-17,V,15.13,79.67,101525.02
2018-08-17,VI,28.86,79.56,100996.43
2018-08-17,VII,31.87,70.54,101000.81
2018-08-17,VIII,20.58,73.6,101991.38
2018-08-17,X,31.79,91.57,100200.14
2018-08-17,XI,31.7,53.05,100249.41
2018-08-17,XII,27.12,63.02,100597.02
2018-08-17,XIII,21.97,64.5,101116.84
2018-08-17,XIV,25.78,87.9,100004.89
2018-08-17,XV,17.02,58.18,101655.17
2018-08-17,XVII,30.84,51.57,101737.81
2018-08-17,XVIII,19.56,97.85,100584.18
2018-08-18,I,34.57,46.44,100185.01
2018-08-18,II,21.55,83.39,101193.4
2018-08-18,III,19.52,75.88,101929.17
2018-08-18,IV,32.26,61.42,101173.02
2018-08-18,IX,33.36,38.33,100177.3
2018-08-18,V,34.34,79.5,100705.17
2018-08-18,VI,26.27,59.66,101218.57
2018-08-18,VII,26.59,46.28,101136.23
2018-08-18,VIII,29.7,41.86,100669.93
2018-08-18,X,32.79,94.9,101985.25
2018-08-18,XI,16.56,56.61,101984.77
2018-08-18,XII,19.16,41.89,100018.13
2018-08-18,XIII,23.09,54.02,101024.33
2018-08-18,XIV,17.42,40.35,100310.67
2018-08-18,XV,31.41,89.54,100504.41
2018-08-18,XVII,20.06,74.57,101965.35
2018-08-18,XVIII,27.78,82.97,101558.75
2018-08-19,I,24.62,61.3,101496.67
2018-08-19,II,26.3,66.32,100916.7
2018-08-19,III,34.49,53.54,100180.24
2018-08-19,IV,18.62,86.19,100693.98
2018-08-19,IX,24.43,63.78,100830.57
2018-08-19,V,19.24,52.1,100708.5
2018-08-19,VI,25.81,50.62,101501.21
2018-08-19,VII,27.77,54.93,101816.97
2018-08-19,VIII,27.58,84.71,100516.81
2018-08-19,X,30.91,64.2,101350.47
2018-08-19,XI,26.98,79.29,100928.31
2018-08-19,XII,15.7,87.28,101798.12
2018-08-19,XIII,20.3,72.15,101743.66
2018-08-19,XIV,26.74,52.98,100573.94
2018-08-19,XV,31.55,86.41,100821.1
2018-08-19,XVII,21.82,52.47,100484.41
2018-08-19,XVIII,21.38,80.72,101954.7
2018-08-20,I,14.67,53.81,101241.98
2018-08-20,II,34.62,85.72,101875.74
2018-08-20,III,33.84,95.76,101109.37
2018-08-20,IV,33.07,57.54,101099.07
2018-08-20,IX,33.24,38.86,101933.87
2018-08-20,V,27.72,42.22,100325.09
2018-08-20,VI,30.41,74.49,100790.12
2018-08-20,VII,30.42,72.91,100983.71
2018-08-20,VIII,33.74,84.97,101828.84
2018-08-20,X,16.36,47.93,101061.68
2018-08-20,XI,20.13,38.64,101047.35
2018-08-20,XII,18.63,78.8,101311.38
2018-08-20,XIII,24.96,47.93,100524.34
2018-08-20,XIV,34.92,51.43,101640.72
2018-08-20,XV,34.01,44.61,100940.98
2018-08-20,XVII,25.32,80.48,100121.56
2018-08-20,XVIII,16.11,45.55,101492.53
2018-08-21,I,29.45,56.94,100425.43
2018-08-21,II,23.13,68.16,100114.11
2018-08-21,III,23.27,88.94,101077.95
2018-08-21,IV,15.28,38,101240.95
2018-08-21,IX,18.54,83.49,100151.79
2018-08-21,V,23.21,48.6,100428.1
2018-08-21,VI,20.79,96.76,100148.41
2018-08-21,VII,23.72,47.71,100611.32
2018-08-21,VIII,23.25,49.59,101474
2018-08-21,X,14.22,89.64,101468.41
2018-08-21,XI,34.54,62.98,101306.86
2018-08-21,XII,33.45,60.54,101117.22
2018-08-21,XIII,16.75,53.11,101831.48
2018-08-21,XIV,15.96,42.41,101033.98
2018-08-21,XV,15.37,53.33,101818.05
2018-08-21,XVII,17.11,78.82,100647.66
2018-08-21,XVIII,15.92,41,100604.44
2018-08-22,I,20.35,69.29,100997.29
2018-08-22,II,29.19,47.74,100016.14
2018-08-22,III,27.47,45.43,101516.89
2018-08-22,IV,31.86,95.15,101119.83
2018-08-22,IX,31.32,50.51,101275.77
2018-08-22,V,23.05,66.35,101962.13
2018-08-22,VI,25.94,75.99,101298.52
2018-08-22,VII,33.78,57.56,100161.03
2018-08-22,VIII,30.32,58.18,101411.36
2018-08-22,X,18.36,95.87,101493.81
2018-08-22,XI,32.44,92.57,101964.37
2018-08-22,XII,24.45,93.51,101082.02
2018-08-22,XIII,22,42.03,100141.43
2018-08-22,XIV,31.54,52.4,101625.42
2018-08-22,XV,23.18,52.12,101921.13
2018-08-22,XVII,20.03,79.51,101082.63
2018-08-22,XVIII,22.92,43.38,100551.83
2018-08-23,I,26.25,77.04,100563.03
2018-08-23,II,33.54,55.44,100447.93
2018-08-23,III,19.68,40.13,100233.35
2018-08-23,IV,18.95,40.14,100708.79
2018-08-23,IX,25.21,93.98,100537.95
2018-08-23,V,31.84,60.88,100367.55
2018-08-23,VI,29.29,62.78,100379.35
2018-08-23,VII,21.97,43.07,100382.05
2018-08-23,VIII,14.71,83.08,100830.77
2018-08-23,X,19.37,79.11,100660.99
2018-08-23,XI,19.86,55.36,101759.26
2018-08-23,XII,23.98,82.14,101570.95
2018-08-23,XIII,26.53,61.6,100697.18
2018-08-23,XIV,17.02,57.57,100797.54
2018-08-23,XV,32.08,71.3,101475.87
2018-08-23,XVII,23.07,74.59,101708.69
2018-08-23,XVIII,33.39,46.52,100326.31
2018-08-24,I,24.26,52.33,100464.97
2018-08-24,II,32.61,87.53,100225.76
2018-08-24,III,18.16,69.71,101859.28
2018-08-24,IV,23.91,41.03,100069.76
2018-08-24,IX,17.88,45.73,101466.76
2018-08-24,V,28.58,47.38,100834.9
2018-08-24,VI,15.77,52.95,101882.95
2018-08-24,VII,14.13,84.36,100114.86
2018-08-24,VIII,23.97,90.59,100392.98
2018-08-24,X,32.05,78.12,101336.98
2018-08-24,XI,23.65,95.11,101268.78
2018-08-24,XII,26.05,85.39,100385.38
2018-08-24,XIII,14.53,82.27,100697.33
2018-08-24,XIV,21.15,45.78,100136.04
2018-08-24,XV,22.26,38.11,100216.7
2018-08-24,XVII,16.15,45.75,101692.59
2018-08-24,XVIII,15.04,95.08,101154.31
2018-08-25,I,26.9,43.79,101288.8
2018-08-25,II,31.69,95.23,101042.39
2018-08-25,III,19.62,83.19,100618.71
2018-08-25,IV,18.16,82.88,100821.59
2018-08-25,IX,32.31,91.88,101809.29
2018-08-25,V,21.24,60.95,100226.8
2018-08-25,VI,17.29,96.65,101898.51
2018-08-25,VII,16.4,92.84,101399.69
2018-08-25,VIII,33.94,39.35,100708.21
2018-08-25,X,21.3,64.1,101357.71
2018-08-25,XI,29.17,76.69,100470.01
2018-08-25,XII,33.11,80.02,100828.46
2018-08-25,XIII,14.1,62.8,100327.63
2018-08-25,XIV,28.18,40.54,101064.83
2018-08-25,XV,22.1,65.41,101537.62
2018-08-25,XVII,16.18,82.24,100174.15
2018-08-25,XVIII,20.92,59.97,101011.02
2018-08-26,I,34.59,88.84,101996.48
2018-08-26,II,21.19,92.62,101637.92
2018-08-26,III,23.27,73.45,100783.31
2018-08-26,IV,34.99,90.11,100175.99
2018-08-26,IX,25,69.73,100183.2
2018-08-26,V,15.03,42.11,100638.77
2018-08-26,VI,34.73,76.24,100020.39
2018-08-26,VII,18.14,48.02,100334.37
2018-08-26,VIII,20.45,91.65,101553.13
2018-08-26,X,21.25,93.31,100733.81
2018-08-26,XI,18.05,87.4,101894.15
2018-08-26,XII,16.48,49.06,101158.22
2018-08-26,XIII,33.79,95.43,101536.85
2018-08-26,XIV,27.5,51.88,101457.49
2018-08-26,XV,16.39,40.09,100110.45
2018-08-26,XVII,20.39,75.17,100548.87
2018-08-26,XVIII,29.68,81.6,101241.4
2018-08-27,I,14.18,83.94,101720.61
2018-08-27,II,33.51,94.76,100285.16
2018-08-27,III,23.13,73.36,101900.44
2018-08-27,IV,27.92,79.12,101102.86
2018-08-27,IX,33.42,94.77,101964.39
2018-08-27,V,33.01,68.2,101502.89
2018-08-27,VI,25.65,56.64,100843.55
2018-08-27,VII,28.16,48.03,101260.92
2018-08-27,VIII,21.82,55.72,100171.96
2018-08-27,X,32.12,56.53,101918.62
2018-08-27,XI,14.74,51.79,101084.22
2018-08-27,XII,24.47,75.87,100311.2
2018-08-27,XIII,31.08,42.89,101376.97
2018-08-27,XIV,23.93,74.15,101667.73
2018-08-27,XV,15.49,57.58,100333.82
2018-08-27,XVII,34.2,78.56,101435.17
2018-08-27,XVIII,31.87,82.44,100439.08
2018-08-28,I,25.94,65.22,101761.92
2018-08-28,II,22.74,61.02,100774.36
2018-08-28,III,18.15,85.41,100147.96
2018-08-28,IV,18.89,57.79,101650.88
2018-08-28,IX,19.6,60.41,101642.4
2018-08-28,V,34.55,82.83,101700.04
2018-08-28,VI,28,65.34,101522.89
2018-08-28,VII,17.28,60.81,101653.66
2018-08-28,VIII,30.91,57.77,101869.98
2018-08-28,X,28.82,70.61,100446.63
2018-08-28,XI,14.49,96.08,100609.85
2018-08-28,XII,26.7,73.57,100584.28
2018-08-28,XIII,29.98,73.21,100203.21
2018-08-28,XIV,19.98,69.04,100010.14
2018-08-28,XV,22.91,63.73,101842.89
2018-08-28,XVII,16.28,94.49,101783.12
2018-08-28,XVIII,17.92,82,100384.01
2018-08-29,I,30.92,81.62,101634.93
2018-08-29,II,18.64,60,101388.35
2018-08-29,III,31.18,67.97,101895.5
2018-08-29,IV,28.62,83.44,101907.51
2018-08-29,IX,34.57,89.08,101736.18
2018-08-29,V,25.52,96.08,100839.99
2018-08-29,VI,15.58,38.96,101863.3
2018-08-29,VII,15.64,89.71,100150.59
2018-08-29,VIII,18.93,66.71,101692.02
2018-08-29,X,30.6,52.2,101305.03
2018-08-29,XI,23.73,60.7,100963.15
2018-08-29,XII,20.99,84.39,100242.07
2018-08-29,XIII,23.05,57.28,100537.1
2018-08-29,XIV,32.51,38.01,100661.66
2018-08-29,XV,34.96,60.16,101400.4
2018-08-29,XVII,16.75,59.49,101216.99
2018-08-29,XVIII,34,62.24,100042.51
2018-08-30,I,19.74,67.62,101789.2
2018-08-30,II,24.21,64,101645.8
2018-08-30,III,24.64,83.83,101175.09
2018-08-30,IV,27.21,75.76,100146.95
2018-08-30,IX,15.69,62.71,100003.87
2018-08-30,V,17.76,92.8,101711.13
2018-08-30,VI,33.5,43.51,101292.02
2018-08-30,VII,34.02,82.73,101354.71
2018-08-30,VIII,31.52,59.06,101110.94
2018-08-30,X,18.55,44.05,100445.67
2018-08-30,XI,28.17,69.16,101051.79
2018-08-30,XII,22.98,91.29,100361.58
2018-08-30,XIII,28.84,42.47,100394.37
2018-08-30,XIV,23.26,38.58,100720.67
2018-08-30,XV,29.26,92.19,101292.87
2018-08-30,XVII,31.69,71.92,100312.94
2018-08-30,XVIII,20.76,74.39,100350.37
2018-08-31,I,15.56,60.08,101027.71
2018-08-31,II,21.17,56.73,100673.98
2018-08-31,III,31.45,42.66,101784.45
2018-08-31,IV,21.93,88.6,100043.32
2018-08-31,IX,27.42,57.81,100544.2
2018-08-31,V,19.11,42.99,101029.52
2018-08-31,VI,28.21,75.68,101755.1
2018-08-31,VII,20.05,41.21,101521.25
2018-08-31,VIII,28.23,60.94,100678.02
2018-08-31,X,15.23,76.05,100836.38
2018-08-31,XI,25.22,68.5,101945.8
2018-08-31,XII,22.06,43.33,100545.93
2018-08-31,XIII,30.18,38.39,100326.33
2018-08-31,XIV,28.86,65.32,101512.13
2018-08-31,XV,20.66,62.48,101173.96
2018-08-31,XVII,23.67,78.45,100459.34
2018-08-31,XVIII,24.74,76.81,100206.02
